#./sim_cache 64 8192 2 128 16384 4 vortex_trace.txt && ./sim_cache 64 8192 2 512 16384 4 vortex_trace.txt && ./sim_cache 64 8192 2 1024 16384 4 vortex_trace.txt && ./sim_cache 64 8192 2 2048 16384 4 vortex_trace.txt && ./sim_cache 64 8192 2 4096 16384 4 vortex_trace.txt
128     0.0416      0.4922
512     0.0352      0.5723
1024    0.0309      0.6320
2048    0.0262      0.7144
4096    0.0228      0.7480
# gcc


128     0.0291      0.9877
512     0.0288      1.0000
1024    0.0288      1.0000
2048    0.0287      1.0000
4096    0.0287      1.0000
# go


128     0.0339      0.3943
512     0.0281      0.4678
1024    0.0250      0.5080
2048    0.0204      0.5690
4096    0.0147      0.7154
# perl


128     0.0217      0.5475
512     0.0180      0.6493
1024    0.0163      0.7023
2048    0.0146      0.7754
4096    0.0126      0.8585
#vortex
