# go sa=1
128             0.4518          9.8145
256             0.3438          7.5458
512             0.2792          6.1906
1024            0.2424          5.4192
2048            0.0904          2.2336
4096            0.0737          1.8933
8192            0.0631          1.6902
16384           0.0607          1.6770


# go sa = 8
256             0.1093          2.7972
512             0.0846          2.2799
1024            0.0605          1.7752
2048            0.0540          1.6433
4096            0.0538          1.6495
8192            0.0538          1.6687
16384           0.0537          1.7069


# vortex sa = 1
128             0.5113          11.0621
256             0.3817          8.3419
512             0.2858          6.3292
1024            0.1601          3.6924
2048            0.1101          2.6475
4096            0.0707          1.8294
8192            0.0468          1.3464
16384           0.0338          1.1131


# vortex sa = 8
256             0.3011          6.8235
512             0.1780          4.2396
1024            0.1151          2.9226
2048            0.0484          1.5253
4096            0.0290          1.1277
8192            0.0197          0.9532
16384           0.0152          0.8969

