# gcc
256		0.2795		6.3701
512		0.1913		4.5204
1024		0.1363		3.3666
2048		0.0907		2.4143
4096		0.0537		1.6462
8192		0.0395		1.3694
16384		0.0277		1.1607
# gcc
 
 
# go
256		0.1093		2.7972
512		0.0846		2.2799
1024		0.0605		1.7752
2048		0.0540		1.6433
4096		0.0538		1.6495
8192		0.0538		1.6687
16384		0.0537		1.7069
# go
 
 
# perl
256		0.3989		8.8781
512		0.3125		7.0639
1024		0.2290		5.3133
2048		0.1312		3.2643
4096		0.0461		1.4872
8192		0.0248		1.0605
16384		0.0168		0.9309
# perl
 
 
# vortex
256		0.3011		6.8235
512		0.1780		4.2396
1024		0.1151		2.9226
2048		0.0484		1.5253
4096		0.0290		1.1277
8192		0.0197		0.9532
16384		0.0152		0.8969
# vortex
 
 
