# gcc
128		0.4134		9.0322
256		0.3053		6.7619
512		0.2204		4.9806
1024		0.1560		3.6315
2048		0.1071		2.6097
4096		0.0753		1.9504
8192		0.0473		1.3832
16384		0.0338		1.1388
# gcc
 
 
# go
128		0.4011		8.7731
256		0.2694		6.0084
512		0.1613		3.7406
1024		0.1060		2.5798
2048		0.0800		2.0391
4096		0.0559		1.5441
8192		0.0544		1.5308
16384		0.0538		1.5577
# go
 
 
# perl
128		0.5041		10.9376
256		0.4221		9.2145
512		0.3449		7.5949
1024		0.2404		5.4039
2048		0.1552		3.6198
4096		0.0886		2.2308
8192		0.0365		1.1564
16384		0.0208		0.8641
# perl
 
 
# vortex
128		0.4647		10.1093
256		0.3571		7.8501
512		0.2112		4.7876
1024		0.1423		3.3428
2048		0.0696		1.8216
4096		0.0453		1.3208
8192		0.0261		0.9367
16384		0.0174		0.7927
# vortex
 
 
