# gcc
128		0.4018		8.8393
256		0.2855		6.3965
512		0.2011		4.6255
1024		0.1427		3.4016
2048		0.0962		2.4304
4096		0.0599		1.6779
8192		0.0425		1.3309
16384		0.0283		1.0728
# gcc
 
 
# go
128		0.4017		8.8357
256		0.1993		4.5857
512		0.1098		2.7080
1024		0.0664		1.7991
2048		0.0554		1.5727
4096		0.0542		1.5588
8192		0.0538		1.5687
16384		0.0537		1.6069
# go
 
 
# perl
128		0.4768		10.4126
256		0.4049		8.9045
512		0.3192		7.1065
1024		0.2345		5.3298
2048		0.1377		3.3013
4096		0.0595		1.6697
8192		0.0271		1.0086
16384		0.0177		0.8490
# perl
 
 
# vortex
128		0.4706		10.2830
256		0.3093		6.8967
512		0.2041		4.6890
1024		0.1193		2.9108
2048		0.0573		1.6131
4096		0.0313		1.0768
8192		0.0215		0.8904
16384		0.0158		0.8091
# vortex
 
 
