# gcc
128		0.4332		9.4232
256		0.3336		7.3312
512		0.2653		5.8994
1024		0.1935		4.3925
2048		0.1477		3.4373
4096		0.1002		2.4481
8192		0.0670		1.7711
16384		0.0461		1.3710
# gcc
 
 
# go
128		0.4518		9.8145
256		0.3438		7.5458
512		0.2792		6.1906
1024		0.2424		5.4192
2048		0.0904		2.2336
4096		0.0737		1.8933
8192		0.0631		1.6902
16384		0.0607		1.6770
# go
 
 
# perl
128		0.5744		12.3889
256		0.4883		10.5799
512		0.3670		8.0349
1024		0.2801		6.2116
2048		0.1929		4.3852
4096		0.1108		2.6718
8192		0.0675		1.7811
16384		0.0492		1.4367
# perl
 
 
# vortex
128		0.5113		11.0621
256		0.3817		8.3419
512		0.2858		6.3292
1024		0.1601		3.6924
2048		0.1101		2.6475
4096		0.0707		1.8294
8192		0.0468		1.3464
16384		0.0338		1.1131
# vortex
 
 
